cam0:
  cam_overlaps: []
  camera_model: pinhole
  distortion_coeffs: [0.10701023140471895, -0.223355254026636, -0.0011639206722372725, 0.0002625123925514004]
  distortion_model: radtan
  intrinsics: [898.6688804109466, 898.9738808863659, 636.8292946802843, 356.1554967448297]
  resolution: [1280, 720]
  rostopic: /color
