%YAML:1.0
---
type: IMU
name: Realsense
Gyr:
   unit: " rad/s"
   avg-axis:
      gyr_n: 1.2424442465566502e-03
      gyr_w: 1.7731267031193090e-05
   x-axis:
      gyr_n: 9.6311543546226234e-04
      gyr_w: 1.6163134103844472e-05
   y-axis:
      gyr_n: 1.6259771611254427e-03
      gyr_w: 1.7868508862701141e-05
   z-axis:
      gyr_n: 1.1382401430822457e-03
      gyr_w: 1.9162158127033654e-05
Acc:
   unit: " m/s^2"
   avg-axis:
      acc_n: 1.2242518973609421e-02
      acc_w: 3.9120568570580365e-04
   x-axis:
      acc_n: 1.1041299493281830e-02
      acc_w: 3.0481861631360458e-04
   y-axis:
      acc_n: 1.2591566991090333e-02
      acc_w: 5.3062034973402753e-04
   z-axis:
      acc_n: 1.3094690436456100e-02
      acc_w: 3.3817809106977879e-04
