extrinsic: [-0.00323935,-0.999421,-0.0338702,0.00848664
0.0159874,0.0338142,-0.9993,0.0731988
0.999867,-0.00377858,0.0158687,-0.0108728
0,0,0,1]