%YAML:1.0
---
wheel_topic: "/odom"
image_topic: "/camera/color/image_raw"
camera_name: camera
model_type: pinhole
image_width: 1280
image_height: 720
projection_parameters:
   k1: 0.10701023140471895
   k2: -0.223355254026636
   p1: -0.0011639206722372725
   p2: 0.0002625123925514004
   mu: 898.6688804109466
   mv: 898.9738808863659
   u0: 636.8292946802843
   v0: 356.1554967448297