cam0:
  cam_overlaps: [1, 2]
  camera_model: pinhole
  distortion_coeffs: [0.11027052221137927, -0.2269707293130439, -0.0006531290718566086, -0.0004501575689060297]
  distortion_model: radtan
  intrinsics: [908.1433889089775, 907.7054698303712, 633.8892019895034, 358.7070987727794]
  resolution: [1280, 720]
  rostopic: /color
cam1:
  T_cn_cnm1:
  - [0.9998293538162383, -0.014546466474813256, -0.011386990844894859, -0.01523212281528327]
  - [0.014519435087084129, 0.999891578598454, -0.0024529681295824006, -0.00010121498408991096]
  - [0.011421438270048812, 0.0022872168655225246, 0.9999321573921176, -0.00281004450942281]
  - [0.0, 0.0, 0.0, 1.0]
  cam_overlaps: [0, 2]
  camera_model: pinhole
  distortion_coeffs: [-0.0023582983650341995, 0.010311204028569667, 0.0017784188482038391, 0.0024736751098583948]
  distortion_model: radtan
  intrinsics: [426.05899477795157, 426.36633378072077, 433.91420213210114, 235.6136584844947]
  resolution: [848, 480]
  rostopic: /infra_left
cam2:
  T_cn_cnm1:
  - [0.9999998438380076, -1.7464612202519145e-05, -0.0005585865621198016, -0.05001287518392182]
  - [1.8609564349065893e-05, 0.9999978990022342, 0.0020497914042295713, 0.0001697641717468775]
  - [0.0005585495897187119, -0.002049801479182634, 0.999997743165579, 9.694123830116383e-05]
  - [0.0, 0.0, 0.0, 1.0]
  cam_overlaps: [0, 1]
  camera_model: pinhole
  distortion_coeffs: [-0.0005083162891836124, 0.0049694349706579585, 0.000780639114184233, 0.002459915940984083]
  distortion_model: radtan
  intrinsics: [427.30151897220287, 427.50541020875704, 434.28844185321486, 234.62295992305823]
  resolution: [848, 480]
  rostopic: /infra_right
