cam0:
  cam_overlaps: [1, 2]
  camera_model: pinhole
  distortion_coeffs: [0.11586721632775276, -0.23927256779686448, -0.000777892800455158, -0.0010636605677796541]
  distortion_model: radtan
  intrinsics: [907.1558696244176, 906.9975161063659, 632.071947101665, 358.6408795855185]
  resolution: [1280, 720]
  rostopic: /color
cam1:
  T_cn_cnm1:
  - [0.9998561158255035, -0.014487910032780934, -0.008823157554327445, -0.016021175354895865]
  - [0.014500580219633939, 0.9998939173831781, 0.0013737370292107296, 0.000317724253251774]
  - [0.008802318992197503, -0.001501480274099294, 0.9999601315739319, -0.002564669536876707]
  - [0.0, 0.0, 0.0, 1.0]
  cam_overlaps: [0, 2]
  camera_model: pinhole
  distortion_coeffs: [0.003423852075850428, 0.00022603285713315252, 0.0008275805767192028, 0.0011986062445585365]
  distortion_model: radtan
  intrinsics: [425.539170115863, 426.2136030558389, 432.3922083292364, 233.71489874402906]
  resolution: [848, 480]
  rostopic: /infra_left
cam2:
  T_cn_cnm1:
  - [0.9999925762610037, -2.4156333009616953e-05, -0.0038531596584264753, -0.050140434113352714]
  - [2.1287704566640068e-05, 0.9999997226134658, -0.0007445265784469099, 0.00017617652563874596]
  - [0.0038531765746438336, 0.0007444390263514585, 0.9999922993907611, 0.0006628266481743022]
  - [0.0, 0.0, 0.0, 1.0]
  cam_overlaps: [0, 1]
  camera_model: pinhole
  distortion_coeffs: [0.0016563598011520317, 0.004306236047030801, 0.0005689986918290074, 0.002455979097657198]
  distortion_model: radtan
  intrinsics: [427.2706727090776, 427.78947663858867, 434.1864709437517, 233.88537653659287]
  resolution: [848, 480]
  rostopic: /infra_right
