rostopic: /imu
update_rate: 200.0 #Hz
 
gyroscope_noise_density: 1.2424442465566502e-03
gyroscope_random_walk: 1.7731267031193090e-05
 
accelerometer_noise_density: 1.2242518973609421e-02
accelerometer_random_walk: 3.9120568570580365e-04