cam0:
  T_cam_imu:
  - [0.9999905158570255, 0.004305824776043313, 0.000654269820941824, 0.0032144162353098084]
  - [-0.004311685770868561, 0.999948037245311, 0.009237541613653491, -0.006510747468758163]
  - [-0.0006144605877298174, -0.009240275009365355, 0.9999571189585771, -0.021933998810855032]
  - [0.0, 0.0, 0.0, 1.0]
  cam_overlaps: [1]
  camera_model: pinhole
  distortion_coeffs: [0.003800734425782644, -0.0031281724751583157, 0.00010663076641293638, -0.00019400974462796568]
  distortion_model: radtan
  intrinsics: [423.59895557586174, 424.0585097783456, 430.22102039555057, 232.66727315203127]
  resolution: [848, 480]
  rostopic: /infra_left
  timeshift_cam_imu: -0.00022029011625776898
cam1:
  T_cam_imu:
  - [0.9999899947284991, 0.004391614304592982, 0.0008509798446241744, -0.04677217336331174]
  - [-0.004398836039969707, 0.9999526618825476, 0.008678953594813008, -0.006492196292005859]
  - [-0.0008128249440844605, -0.00868261008033577, 0.9999619750759541, -0.02205181481030993]
  - [0.0, 0.0, 0.0, 1.0]
  T_cn_cnm1:
  - [0.9999999769725268, 8.760443466148279e-05, 0.00019590918992789467, -0.049981722082311525]
  - [-8.749499696100755e-05, 0.9999998401814352, -0.0005585532485188204, 6.580075263910885e-06]
  - [-0.00019595809035953375, 0.0005585360945827725, 0.9999998248189145, -0.00011355346354552971]
  - [0.0, 0.0, 0.0, 1.0]
  cam_overlaps: [0]
  camera_model: pinhole
  distortion_coeffs: [0.00468015432806637, -0.00596543325527639, -5.9298703452785375e-05, -0.00045986546473688976]
  distortion_model: radtan
  intrinsics: [424.5200370187321, 424.98099204187116, 430.2401389891949, 232.83822472105413]
  resolution: [848, 480]
  rostopic: /infra_right
  timeshift_cam_imu: -0.0002240999570395581
