cam0:
  cam_overlaps: [1]
  camera_model: pinhole
  distortion_coeffs: [0.003728596176855891, -0.0025021404832867625, 0.00011868829373762924, -0.00028682457026614076]
  distortion_model: radtan
  intrinsics: [424.01734015650084, 424.47875967040625, 430.06184201164393, 232.65769661228876]
  resolution: [848, 480]
  rostopic: /infra_left
cam1:
  T_cn_cnm1:
  - [0.9999999789161323, 7.906864509208328e-05, 0.00018951486653897632, -0.050005678354810464]
  - [-7.896948449490483e-05, 0.9999998600210185, -0.0005231842547392589, 3.300736894338135e-05]
  - [-0.000189556207481034, 0.0005231692778171965, 0.9999998451811637, 0.00011870567020725876]
  - [0.0, 0.0, 0.0, 1.0]
  cam_overlaps: [0]
  camera_model: pinhole
  distortion_coeffs: [0.005061070754058073, -0.006510224413866948, -7.373146732100991e-05, -0.0005577529279358088]
  distortion_model: radtan
  intrinsics: [425.03819173501205, 425.50686367713433, 430.08699131407127, 232.8000784344794]
  resolution: [848, 480]
  rostopic: /infra_right
