cam0:
  cam_overlaps: [1]
  camera_model: pinhole
  distortion_coeffs: [0.003800734425782644, -0.0031281724751583157, 0.00010663076641293638, -0.00019400974462796568]
  distortion_model: radtan
  intrinsics: [423.59895557586174, 424.0585097783456, 430.22102039555057, 232.66727315203127]
  resolution: [848, 480]
  rostopic: /infra_left
cam1:
  T_cn_cnm1:
  - [0.9999999769725275, 8.760443466148277e-05, 0.00019590918992789464, -0.049981722082311525]
  - [-8.749499696100754e-05, 0.9999998401814358, -0.0005585532485188204, 6.580075263910885e-06]
  - [-0.00019595809035953372, 0.0005585360945827725, 0.9999998248189151, -0.00011355346354552971]
  - [0.0, 0.0, 0.0, 1.0]
  cam_overlaps: [0]
  camera_model: pinhole
  distortion_coeffs: [0.00468015432806637, -0.00596543325527639, -5.9298703452785375e-05, -0.00045986546473688976]
  distortion_model: radtan
  intrinsics: [424.5200370187321, 424.98099204187116, 430.2401389891949, 232.83822472105413]
  resolution: [848, 480]
  rostopic: /infra_right
