cam0:
  T_cam_imu:
  - [0.9987462782416533, -0.048263870271016036, -0.013284220899575448, 0.006928829757558796]
  - [0.04844490118807567, 0.9987324347005433, 0.013660725676280443, 0.0052854316312700355]
  - [0.012608062790284893, -0.014287151696105786, 0.9998184405426261, -0.011970458290797362]
  - [0.0, 0.0, 0.0, 1.0]
  cam_overlaps: []
  camera_model: pinhole
  distortion_coeffs: [0.10701023140471895, -0.223355254026636, -0.0011639206722372725, 0.0002625123925514004]
  distortion_model: radtan
  intrinsics: [898.6688804109466, 898.9738808863659, 636.8292946802843, 356.1554967448297]
  resolution: [1280, 720]
  rostopic: /color
  timeshift_cam_imu: 0.008424534370663726
