cam0:
  T_cam_imu:
  - [0.9997576735535167, 0.021797184641763983, -0.0030784594448381095, 0.012284278254394624]
  - [-0.0217843948802332, 0.9997541665250201, 0.0041287595673688325, -0.007351255924763368]
  - [0.0031676979910865875, -0.00406069668356535, 0.9999867381280024, -0.04604670349016623]
  - [0.0, 0.0, 0.0, 1.0]
  cam_overlaps: []
  camera_model: pinhole
  distortion_coeffs: [0.10701023140471895, -0.223355254026636, -0.0011639206722372725, 0.0002625123925514004]
  distortion_model: radtan
  intrinsics: [898.6688804109466, 898.9738808863659, 636.8292946802843, 356.1554967448297]
  resolution: [1280, 720]
  rostopic: /color
  timeshift_cam_imu: 0.011645764495642252
